
============================================================
Test run at 2026-02-15 20:30:42
============================================================
Hello NS World!!
  12	|  10	|  10	|  13	|  12	|  11	|  10	|  10	|  10	|  10	|  10	|  10	|  10	|  10	|  10	|  10	|  10	|  12	|  11	|  10	|  10	|  10	|  11	|  10	|  10	|  10	|  11	|  10	|  11	|  10	|  10	|  10	|  11	|  10	|  10	|  10	|  10	|  10	|  11	|  10	|  10	|  11	|  10	|  10	|  10	|  10	|  11	|  10	|  10	|  10	|  10	|  11	|  10	|  12	|  11	|  10	|  10	|  10	|  10	|  10	|  10	|  10	|  10	|  10	|  10	|  10	|  10	|  10	|  10	|  10	|  10	|  10	|  10	|  10	|  10	|  10	|  10	|  11	|  10	|  10	|  10	|  10	|  10	|  11	|  10	|  10	|  10	|  10	|  10	|  12	|  11	|  10	|  10	|  10	|  10	|  10	|  10	|  10	|  10	|
###################
  10	|  10	|  10	|  13	|  12	|  11	|  10	|  10	|  10	|  10	|  10	|  10	|  10	|  10	|  10	|  10	|  10	|  12	|  11	|  10	|  10	|  10	|  11	|  10	|  10	|  10	|  11	|  10	|  11	|  10	|  10	|  10	|  11	|  10	|  10	|  10	|  10	|  10	|  11	|  10	|  10	|  11	|  10	|  10	|  10	|  10	|  11	|  10	|  10	|  10	|  10	|  11	|  10	|  12	|  11	|  10	|  10	|  10	|  10	|  10	|  10	|  10	|  10	|  10	|  10	|  10	|  10	|  10	|  10	|  10	|  10	|  10	|  10	|  10	|  10	|  10	|  10	|  11	|  10	|  10	|  10	|  10	|  10	|  11	|  10	|  10	|  10	|  10	|  10	|  12	|  11	|  10	|  10	|  10	|  10	|  10	|  10	|  10	|  10	|
End NS World!!

