
============================================================
Test run at 2026-02-16 16:44:46
============================================================
---| ---| ---| ---| ---| ---| ---| ---| ---| ---| ---| Hello NS World!!
000| 001| 002| ---| ---| ---| ---| ---| ---| ---| ---| ---| ---| ---| 014| 015|
---| ---| ---| ---| ---| ---| ---| ---| ---| ---| ---| ---| ---| ---| ---| ---|
---| ---| ---| ---| ---| ---| ---| ---| ---| ---| ---| ---| ---| ---| ---| ---|
---| ---| ---| ---| ---| ---| ---| ---| ---| ---| ---| ---| ---| ---| ---| ---|
---| ---| ---| ---| ---| ---| ---| ---| ---| ---| ---| ---| ---| ---| ---| ---|
---| ---| ---| ---| ---| ---| ---| ---| ---| ---| ---| ---| ---| ---| ---| ---|
---| ---| ---| ---| ---| ---| ---| ---| ---| ---| ---| ---| ---| ---| 110| 111|
112| 113| 114| 115| 116| 117| 118| 119| 120| 121| 122| 123| 124| ---| ---| ---|
---| ---| ---| ---| ---| ---| ---| ---| ---| ---| ---| ---| ---| ---| ---| ---|
---| ---| ---| ---| ---| ---| ---| ---| ---| ---| ---| ---| ---| ---| ---| ---|
---| ---| ---| ---| ---| ---| ---| ---| ---| ---| ---| ---| ---| ---| ---| ---|
---| ---| ---| ---| ---| ---| ---| ---| ---| ---| ---| ---| ---| ---| ---| ---|
---| ---| ---| ---| ---| ---| ---| ---| ---| ---| ---| ---| ---| ---| ---| ---|
---| ---| ---| ---| ---| ---| ---| ---| ---| ---| ---| ---| ---| ---| ---| ---|
---| ---| ---| ---| ---| ---| ---| ---| ---| ---| ---| ---| ---| ---| ---| ---|
---| ---| ---| ---| ---| ---| ---| ---| ---| ---| ---| ---| ---| ---| ---| ---|
###################
000| 001| 002| ---| ---| ---| ---| ---| ---| ---| ---| ---| ---| ---| 014| 015|
---| ---| ---| ---| ---| ---| ---| ---| ---| ---| ---| ---| ---| ---| ---| ---|
---| ---| ---| ---| ---| ---| ---| ---| ---| ---| ---| ---| ---| ---| ---| ---|
---| ---| ---| ---| ---| ---| ---| ---| ---| ---| ---| ---| ---| ---| ---| ---|
---| ---| ---| ---| ---| ---| ---| ---| ---| ---| ---| ---| ---| ---| ---| ---|
---| ---| ---| ---| ---| ---| ---| ---| ---| ---| ---| ---| ---| ---| ---| ---|
---| ---| ---| ---| ---| ---| ---| ---| ---| ---| ---| ---| 108| 109| 110| ---|
---| 113| 114| 115| 116| 117| 118| 119| 120| 121| 122| 123| 124| ---| ---| ---|
---| ---| ---| ---| ---| ---| ---| ---| ---| ---| ---| ---| ---| ---| ---| ---|
---| ---| ---| ---| ---| ---| ---| ---| ---| ---| ---| ---| ---| ---| ---| ---|
---| ---| ---| ---| ---| ---| ---| ---| ---| ---| ---| ---| ---| ---| ---| ---|
---| ---| ---| ---| ---| ---| ---| ---| ---| ---| ---| ---| ---| ---| ---| ---|
---| ---| ---| ---| ---| ---| ---| ---| ---| ---| ---| ---| ---| ---| ---| ---|
---| ---| ---| ---| ---| ---| ---| ---| ---| ---| ---| ---| ---| ---| ---| ---|
---| ---| ---| ---| ---| ---| ---| ---| ---| ---| ---| ---| ---| ---| ---| ---|
---| ---| ---| ---| ---| ---| ---| ---| ---| ---| ---| ---| ---| ---| ---| ---|
End NS World!!


============================================================
Test run at 2026-02-16 17:58:26
============================================================
Hello NS World!!
043| 043| 043| 019| 019| 019| 019| 019| 019| 019| 019| 019| 019| 043| 043| 043|
019| 019| 019| 019| 019| 019| 019| 019| 019| 019| 019| 019| 019| 019| 019| 019|
019| 019| 019| 019| 019| 019| 019| 019| 019| 019| 019| 019| 019| 019| 019| 019|
019| 019| 019| 019| 019| 019| 019| 019| 019| 019| 019| 019| 019| 019| 019| 019|
019| 019| 019| 019| 019| 019| 019| 019| 019| 019| 019| 019| 019| 019| 019| 019|
019| 019| 019| 019| 019| 019| 019| 019| 019| 019| 019| 019| 019| 019| 019| 019|
019| 019| 019| 019| 019| 019| 019| 019| 019| 019| 019| 019| 019| 019| 043| 043|
043| 043| 043| 043| 043| 043| 043| 043| 043| 043| 043| 043| 043| 019| 019| 019|
019| 019| 019| 019| 019| 019| 019| 019| 019| 019| 019| 019| 019| 019| 019| 019|
019| 019| 019| 019| 019| 019| 019| 019| 019| 019| 019| 019| 019| 019| 019| 019|
019| 019| 019| 019| 019| 019| 019| 019| 019| 019| 019| 019| 019| 019| 019| 019|
019| 019| 019| 019| 019| 019| 019| 019| 019| 019| 019| 019| 019| 019| 019| 019|
019| 019| 019| 019| 019| 019| 019| 019| 019| 019| 019| 019| 019| 019| 019| 019|
019| 019| 019| 019| 019| 019| 019| 019| 019| 019| 019| 019| 019| 019| 019| 019|
019| 019| 019| 019| 019| 019| 019| 019| 019| 019| 019| 019| 019| 019| 019| 019|
019| 019| 019| 019| 019| 019| 019| 019| 019| 019| 019| 019| 019| 019| 019| 019|
###################
043| 043| 043| 019| 019| 019| 019| 019| 019| 019| 019| 019| 019| 043| 043| 043|
019| 019| 019| 019| 019| 019| 019| 019| 019| 019| 019| 019| 019| 019| 019| 019|
019| 019| 019| 019| 019| 019| 019| 019| 019| 019| 019| 019| 019| 019| 019| 019|
019| 019| 019| 019| 019| 019| 019| 019| 019| 019| 019| 019| 019| 019| 019| 019|
019| 019| 019| 019| 019| 019| 019| 019| 019| 019| 019| 019| 019| 019| 019| 019|
019| 019| 019| 019| 019| 019| 019| 019| 019| 019| 019| 019| 019| 019| 019| 019|
019| 019| 019| 019| 019| 019| 019| 019| 019| 019| 019| 019| 043| 043| 043| 019|
019| 043| 043| 043| 043| 043| 043| 043| 043| 043| 043| 043| 043| 019| 019| 019|
019| 019| 019| 019| 019| 019| 019| 019| 019| 019| 019| 019| 019| 019| 019| 019|
019| 019| 019| 019| 019| 019| 019| 019| 019| 019| 019| 019| 019| 019| 019| 019|
019| 019| 019| 019| 019| 019| 019| 019| 019| 019| 019| 019| 019| 019| 019| 019|
019| 019| 019| 019| 019| 019| 019| 019| 019| 019| 019| 019| 019| 019| 019| 019|
019| 019| 019| 019| 019| 019| 019| 019| 019| 019| 019| 019| 019| 019| 019| 019|
019| 019| 019| 019| 019| 019| 019| 019| 019| 019| 019| 019| 019| 019| 019| 019|
019| 019| 019| 019| 019| 019| 019| 019| 019| 019| 019| 019| 019| 019| 019| 019|
019| 019| 019| 019| 019| 019| 019| 019| 019| 019| 019| 019| 019| 019| 019| 019|
End NS World!!


============================================================
Test run at 2026-02-16 18:01:57
============================================================
019| 019| 019| 019| 019| 019| 019| 01Hello NS World!!
1| 1| 1| 0| 0| 0| 0| 0| 0| 0| 0| 0| 0| 1| 1| 0|
0| 0| 0| 0| 0| 0| 0| 0| 0| 0| 0| 0| 0| 0| 0| 0|
0| 0| 0| 0| 0| 0| 0| 0| 0| 0| 0| 0| 0| 0| 0| 0|
0| 0| 0| 0| 0| 0| 0| 0| 0| 0| 0| 0| 0| 0| 0| 0|
0| 0| 0| 0| 0| 0| 0| 0| 0| 0| 0| 0| 0| 0| 0| 0|
0| 0| 0| 0| 0| 0| 0| 0| 0| 0| 0| 0| 0| 0| 0| 0|
0| 0| 0| 0| 0| 0| 0| 0| 0| 0| 0| 0| 0| 0| 1| 1|
1| 1| 1| 1| 1| 1| 1| 1| 1| 1| 1| 1| 1| 0| 0| 0|
0| 0| 0| 0| 0| 0| 0| 0| 0| 0| 0| 0| 0| 0| 0| 0|
0| 0| 0| 0| 0| 0| 0| 0| 0| 0| 0| 0| 0| 0| 0| 0|
0| 0| 0| 0| 0| 0| 0| 0| 0| 0| 0| 0| 0| 0| 0| 0|
0| 0| 0| 0| 0| 0| 0| 0| 0| 0| 0| 0| 0| 0| 0| 0|
0| 0| 0| 0| 0| 0| 0| 0| 0| 0| 0| 0| 0| 0| 0| 0|
0| 0| 0| 0| 0| 0| 0| 0| 0| 0| 0| 0| 0| 0| 0| 0|
0| 0| 0| 0| 0| 0| 0| 0| 0| 0| 0| 0| 0| 0| 0| 0|
0| 0| 0| 0| 0| 0| 0| 0| 0| 0| 0| 0| 0| 0| 0| 0|
###################
1| 1| 1| 0| 0| 0| 0| 0| 0| 0| 0| 0| 0| 1| 1| 0|
0| 0| 0| 0| 0| 0| 0| 0| 0| 0| 0| 0| 0| 0| 0| 0|
0| 0| 0| 0| 0| 0| 0| 0| 0| 0| 0| 0| 0| 0| 0| 0|
0| 0| 0| 0| 0| 0| 0| 0| 0| 0| 0| 0| 0| 0| 0| 0Hello NS World!!
1| 1| 1| 0| 0| 0| 0| 0| 0| 0| 0| 0| 0| 1| 1| 0|
0| 0| 0| 0| 0| 0| 0| 0| 0| 0| 0| 0| 0| 0| 0| 0|
0| 0| 0| 0| 0| 0| 0| 0| 0| 0| 0| 0| 0| 0| 0| 0|
0| 0| 0| 0| 0| 0| 0| 0| 0| 0| 0| 0| 0| 0| 0| 0|
0| 0| 0| 0| 0| 0| 0| 0| 0| 0| 0| 0| 0| 0| 0| 0|
0| 0| 0| 0| 0| 0| 0| 0| 0| 0| 0| 0| 0| 0| 0| 0|
0| 0| 0| 0| 0| 0| 0| 0| 0| 0| 0| 0| 0| 0| 1| 1|
1| 1| 1| 1| 1| 1| 1| 1| 1| 1| 1| 1| 1| 0| 0| 0|
0| 0| 0| 0| 0| 0| 0| 0| 0| 0| 0| 0| 0| 0| 0| 0|
0| 0| 0| 0| 0| 0| 0| 0| 0| 0| 0| 0| 0| 0| 0| 0|
0| 0| 0| 0| 0| 0| 0| 0| 0| 0| 0| 0| 0| 0| 0| 0|
0| 0| 0| 0| 0| 0| 0| 0| 0| 0| 0| 0| 0| 0| 0| 0|
0| 0| 0| 0| 0| 0| 0| 0| 0| 0| 0| 0| 0| 0| 0| 0|
0| 0| 0| 0| 0| 0| 0| 0| 0| 0| 0| 0| 0| 0| 0| 0|
0| 0| 0| 0| 0| 0| 0| 0| 0| 0| 0| 0| 0| 0| 0| 0|
0| 0| 0| 0| 0| 0| 0| 0| 0| 0| 0| 0| 0| 0| 0| 0|
###################
1| 1| 1| 0| 0| 0| 0| 0| 0| 0| 0| 0| 0| 1| 1| 0|
0| 0| 0| 0| 0| 0| 0| 0| 0| 0| 0| 0| 0| 0| 0| 0|
0| 0| 0| 0| 0| 0| 0| 0| 0| 0| 0| 0| 0| 0| 0| 0|
0| 0| 0| 0| 0| 0| 0| 0| 0| 0| 0| 0| 0| 0| 0| 0|
0| 0| 0| 0| 0| 0| 0| 0| 0| 0| 0| 0| 0| 0| 0| 0|
0| 0| 0| 0| 0| 0| 0| 0| 0| 0| 0| 0| 0| 0| 0| 0|
0| 0| 0| 0| 0| 0| 0| 0| 0| 0| 0| 0| 1| 1| 1| 0|
0| 1| 1| 1| 1| 1| 1| 1| 1| 1| 1| 1| 1| 0| 0| 0|
0| 0| 0| 0| 0| 0| 0| 0| 0| 0| 0| 0| 0| 0| 0| 0|
0| 0| 0| 0| 0| 0| 0| 0| 0| 0| 0| 0| 0| 0| 0| 0|
0| 0| 0| 0| 0| 0| 0| 0| 0| 0| 0| 0| 0| 0| 0| 0|
0| 0| 0| 0| 0| 0| 0| 0| 0| 0| 0| 0| 0| 0| 0| 0|
0| 0| 0| 0| 0| 0| 0| 0| 0| 0| 0| 0| 0| 0| 0| 0|
0| 0| 0| 0| 0| 0| 0| 0| 0| 0| 0| 0| 0| 0| 0| 0|
0| 0| 0| 0| 0| 0| 0| 0| 0| 0| 0| 0| 0| 0| 0| 0|
0| 0| 0| 0| 0| 0| 0| 0| 0| 0| 0| 0| 0| 0| 0| 0|
End NS World!!


============================================================
Test run at 2026-02-16 18:02:27
============================================================
0| 0| 0| 0| 0| 0| 0| 0|Hello NS World!!
 1 1 0 0 0 0 0 0 0 0 0 0 0 1 1 0
 0 0 0 0 0 0 0 0 0 0 0 0 0 0 0 0
 0 0 0 0 0 0 0 0 0 0 0 0 0 0 0 0
 0 0 0 0 0 0 0 0 0 0 0 0 0 0 0 0
 0 0 0 0 0 0 0 0 0 0 0 0 0 0 0 0
 0 0 0 0 0 0 0 0 0 0 0 0 0 0 0 0
 0 0 0 0 0 0 0 0 0 0 0 0 0 0 1 1
 1 1 1 1 1 1 1 1 1 1 1 1 1 0 0 0
 0 0 0 0 0 0 0 0 0 0 0 0 0 0 0 0
 0 0 0 0 0 0 0 0 0 0 0 0 0 0 0 0
 0 0 0 0 0 0 0 0 0 0 0 0 0 0 0 0
 0 0 0 0 0 0 0 0 0 0 0 0 0 0 0 0
 0 0 0 0 0 0 0 0 0 0 0 0 0 0 0 0
 0 0 0 0 0 0 0 0 0 0 0 0 0 0 0 0
 0 0 0 0 0 0 0 0 0 0 0 0 0 0 0 0
 0 0 0 0 0 0 0 0 0 0 0 0 0 0 0 0
###################
 1 1 0 0 0 0 0 0 0 0 0 0 0 1 1 0
 0 0 0 0 0 0 0 0 0 0 0 0 0 0 0 0
 0 0 0 0 0 0 0 0 0 0 0 0 0 0 0 0
 0 0 0 0 0 0 0 0 0 0 0 0 0 0 0 0
 0 0 0 0 0 0 0 0 0 0 0 0 0 0 0 0
 0 0 0 0 0 0 0 0 0 0 0 0 0 0 0 0
 0 0 0 0 0 0 0 0 0 0 0 0 1 1 1 0
 0 1 1 1 1 1 1 1 1 1 1 1 1 0 0 0
 0 0 0 0 0 0 0 0 0 0 0 0 0 0 0 0
 0 0 0 0 0 0 0 0 0 0 0 0 0 0 0 0
 0 0 0 0 0 0 0 0 0 0 0 0 0 0 0 0
 0 0 0 0 0 0 0 0 0 0 0 0 0 0 0 0
 0 0 0 0 0 0 0 0 0 0 0 0 0 0 0 0
 0 0 0 0 0 0 0 0 0 0 0 0 0 0 0 0
 0 0 0 0 0 0 0 0 0 0 0 0 0 0 0 0
 0 0 0 0 0 0 0 0 0 0 0 0 0 0 0 0
End NS World!!


============================================================
Test run at 2026-02-16 18:05:27
============================================================
 0 0 0 0 0 0 Hello NS World!!
TRACE ELSE PATH
 1 1 0 0 0 0 0 0 0 0 0 0 0 0 1 1
 0 0 0 0 0 0 0 0 0 0 0 0 0 0 0 0
 0 0 0 0 0 0 0 0 0 0 0 0 0 0 0 0
 0 0 0 0 0 0 0 0 0 0 0 0 0 0 0 0
 0 0 0 0 0 0 0 0 0 0 0 0 0 0 0 0
 0 0 0 0 0 0 0 0 0 0 0 0 0 0 0 0
 0 0 0 0 0 0 0 0 0 0 0 0 0 0 1 1
 1 1 1 1 1 1 1 1 1 1 1 1 1 0 0 0
 0 0 0 0 0 0 0 0 0 0 0 0 0 0 0 0
 0 0 0 0 0 0 0 0 0 0 0 0 0 0 0 0
 0 0 0 0 0 0 0 0 0 0 0 0 0 0 0 0
 0 0 0 0 0 0 0 0 0 0 0 0 0 0 0 0
 0 0 0 0 0 0 0 0 0 0 0 0 0 0 0 0
 0 0 0 0 0 0 0 0 0 0 0 0 0 0 0 0
 0 0 0 0 0 0 0 0 0 0 0 0 0 0 0 0
 0 0 0 0 0 0 0 0 0 0 0 0 0 0 0 0
TRACE IF PATH
 1 1 0 0 0 0 0 0 0 0 0 0 0 0 1 1
 0 0 0 0 0 0 0 0 0 0 0 0 0 0 0 0
 0 0 0 0 0 0 0 0 0 0 0 0 0 0 0 0
 0 0 0 0 0 0 0 0 0 0 0 0 0 0 0 0
 0 0 0 0 0 0 0 0 0 0 0 0 0 0 0 0
 0 0 0 0 0 0 0 0 0 0 0 0 0 0 0 0
 0 0 0 0 0 0 0 0 0 0 0 0 1 1 1 0
 0 1 1 1 1 1 1 1 1 1 1 1 1 0 0 0
 0 0 0 0 0 0 0 0 0 0 0 0 0 0 0 0
 0 0 0 0 0 0 0 0 0 0 0 0 0 0 0 0
 0 0 0 0 0 0 0 0 0 0 0 0 0 0 0 0
 0 0 0 0 0 0 0 0 0 0 0 0 0 0 0 0
 0 0 0 0 0 0 0 0 0 0 0 0 0 0 0 0
 0 0 0 0 0 0 0 0 0 0 0 0 0 0 0 0
 0 0 0 0 0 0 0 0 0 0 0 0 0 0 0 0
 0 0 0 0 0 0 0 0 0 0 0 0 0 0 0 0
End NS World!!


============================================================
Test run at 2026-02-16 18:15:44
============================================================
Hello NS World!!
TRACE ELSE PATH
 1 1 0 0 0 0 0 0 0 0 0 0 0 0 1 1
 0 0 0 0 0 0 0 0 0 0 0 0 0 0 0 0
 0 0 0 0 0 0 0 0 0 0 0 0 0 0 0 0
 0 0 0 0 0 0 0 0 0 0 0 0 0 0 0 0
 0 0 0 0 0 0 0 0 0 0 0 0 0 0 0 0
 0 0 0 0 0 0 0 0 0 0 0 0 0 0 0 0
 0 0 0 0 0 0 0 0 0 0 0 0 0 0 1 1
 1 1 1 1 1 1 1 1 1 1 1 1 1 0 0 0
 0 0 0 0 0 0 0 0 0 0 0 0 0 0 0 0
 0 0 0 0 0 0 0 0 0 0 0 0 0 0 0 0
 0 0 0 0 0 0 0 0 0 0 0 0 0 0 0 0
 0 0 0 0 0 0 0 0 0 0 0 0 0 0 0 0
 0 0 0 0 0 0 0 0 0 0 0 0 0 0 0 0
 0 0 0 0 0 0 0 0 0 0 0 0 0 0 0 0
 0 0 0 0 0 0 0 0 0 0 0 0 0 0 0 0
 0 0 0 0 0 0 0 0 0 0 0 0 0 0 0 0
TRACE IF PATH
 1 1 0 0 0 0 0 0 0 0 0 0 0 0 1 1
 0 0 0 0 0 0 0 0 0 0 0 0 0 0 0 0
 0 0 0 0 0 0 0 0 0 0 0 0 0 0 0 0
 0 0 0 0 0 0 0 0 0 0 0 0 0 0 0 0
 0 0 0 0 0 0 0 0 0 0 0 0 0 0 0 0
 0 0 0 0 0 0 0 0 0 0 0 0 0 0 0 0
 0 0 0 0 0 0 0 0 0 0 0 0 1 1 1 0
 0 1 1 1 1 1 1 1 1 1 1 1 1 0 0 0
 0 0 0 0 0 0 0 0 0 0 0 0 0 0 0 0
 0 0 0 0 0 0 0 0 0 0 0 0 0 0 0 0
 0 0 0 0 0 0 0 0 0 0 0 0 0 0 0 0
 0 0 0 0 0 0 0 0 0 0 0 0 0 0 0 0
 0 0 0 0 0 0 0 0 0 0 0 0 0 0 0 0
 0 0 0 0 0 0 0 0 0 0 0 0 0 0 0 0
 0 0 0 0 0 0 0 0 0 0 0 0 0 0 0 0
 0 0 0 0 0 0 0 0 0 0 0 0 0 0 0 0
End NS World!!


============================================================
Test run at 2026-06-10 11:42:05
============================================================
Hello NS World!!
000| 001| 002| ---| ---| ---| ---| ---| ---| ---| ---| ---| ---| ---| 014| 015|
---| ---| ---| ---| ---| ---| ---| ---| ---| ---| ---| ---| ---| ---| ---| ---|
---| ---| ---| ---| ---| ---| ---| ---| ---| ---| ---| ---| ---| ---| ---| ---|
---| ---| ---| ---| ---| ---| ---| ---| ---| ---| ---| ---| ---| ---| ---| ---|
---| ---| ---| ---| ---| ---| ---| ---| ---| ---| ---| ---| ---| ---| ---| ---|
---| ---| ---| ---| ---| ---| ---| ---| ---| ---| ---| ---| ---| ---| ---| ---|
---| ---| ---| ---| ---| ---| ---| ---| ---| ---| ---| ---| ---| ---| 110| 111|
112| 113| 114| 115| 116| 117| 118| 119| 120| 121| 122| 123| 124| ---| ---| ---|
---| ---| ---| ---| ---| ---| ---| ---| ---| ---| ---| ---| ---| ---| ---| ---|
---| ---| ---| ---| ---| ---| ---| ---| ---| ---| ---| ---| ---| ---| ---| ---|
---| ---| ---| ---| ---| ---| ---| ---| ---| ---| ---| ---| ---| ---| ---| ---|
---| ---| ---| ---| ---| ---| ---| ---| ---| ---| ---| ---| ---| ---| ---| ---|
---| ---| ---| ---| ---| ---| ---| ---| ---| ---| ---| ---| ---| ---| ---| ---|
---| ---| ---| ---| ---| ---| ---| ---| ---| ---| ---| ---| ---| ---| ---| ---|
---| ---| ---| ---| ---| ---| ---| ---| ---| ---| ---| ---| ---| ---| ---| ---|
---| ---| ---| ---| ---| ---| ---| ---| ---| ---| ---| ---| ---| ---| ---| ---|
###################
000| 001| 002| ---| ---| ---| ---| ---| ---| ---| ---| ---| ---| ---| 014| 015|
---| ---| ---| ---| ---| ---| ---| ---| ---| ---| ---| ---| ---| ---| ---| ---|
---| ---| ---| ---| ---| ---| ---| ---| ---| ---| ---| ---| ---| ---| ---| ---|
---| ---| ---| ---| ---| ---| ---| ---| ---| ---| ---| ---| ---| ---| ---| ---|
---| ---| ---| ---| ---| ---| ---| ---| ---| ---| ---| ---| ---| ---| ---| ---|
---| ---| ---| ---| ---| ---| ---| ---| ---| ---| ---| ---| ---| ---| ---| ---|
---| ---| ---| ---| ---| ---| ---| ---| ---| ---| ---| ---| 108| 109| 110| ---|
---| 113| 114| 115| 116| 117| 118| 119| 120| 121| 122| 123| 124| ---| ---| ---|
---| ---| ---| ---| ---| ---| ---| ---| ---| ---| ---| ---| ---| ---| ---| ---|
---| ---| ---| ---| ---| ---| ---| ---| ---| ---| ---| ---| ---| ---| ---| ---|
---| ---| ---| ---| ---| ---| ---| ---| ---| ---| ---| ---| ---| ---| ---| ---|
---| ---| ---| ---| ---| ---| ---| ---| ---| ---| ---| ---| ---| ---| ---| ---|
---| ---| ---| ---| ---| ---| ---| ---| ---| ---| ---| ---| ---| ---| ---| ---|
---| ---| ---| ---| ---| ---| ---| ---| ---| ---| ---| ---| ---| ---| ---| ---|
---| ---| ---| ---| ---| ---| ---| ---| ---| ---| ---| ---| ---| ---| ---| ---|
---| ---| ---| ---| ---| ---| ---| ---| ---| ---| ---| ---| ---| ---| ---| ---|
End NS World!!

